<?xml version="1.0"?>
<opencv_storage>
<contour_points type_id="opencv-matrix">
  <rows>65</rows>
  <cols>3</cols>
  <dt>d</dt>
  <data>
    238. 95. 1. 237. 109. 1. 236. 122. 1. 234. 129. 1. 239. 135. 1. 243.
    139. 1. 241. 148. 1. 231. 173. 1. 215. 206. 1. 189. 240. 1. 175.
    277. 1. 173. 299. 1. 174. 324. 1. 173. 433. 1. 172. 448. 1. 175.
    465. 1. 180. 517. 1. 184. 545. 1. 183. 556. 1. 178. 566. 1. 172.
    584. 1. 170. 600. 1. 171. 621. 1. 174. 643. 1. 180. 662. 1. 190.
    679. 1. 204. 688. 1. 215. 688. 1. 225. 687. 1. 233. 694. 1. 240.
    705. 1. 255. 708. 1. 266. 706. 1. 278. 700. 1. 284. 690. 1. 287.
    681. 1. 294. 684. 1. 304. 691. 1. 316. 695. 1. 330. 688. 1. 347.
    669. 1. 357. 633. 1. 359. 595. 1. 355. 571. 1. 349. 552. 1. 352.
    531. 1. 353. 506. 1. 360. 441. 1. 365. 312. 1. 364. 299. 1. 360.
    285. 1. 346. 245. 1. 328. 214. 1. 309. 180. 1. 299. 151. 1. 295.
    142. 1. 300. 135. 1. 304. 129. 1. 302. 114. 1. 300. 98. 1. 300. 88.
    1. 284. 82. 1. 268. 80. 1. 253. 83. 1. 242. 86. 1.</data></contour_points>
</opencv_storage>
